1
10
1002
1009
10198
1028
1029
1030
1031
1048
1049
11
12
12059
12167
12285
12286
12287
12436
12441
12446
12496
12533
12673
12676
12733
12739
12745
12751
12755
12763
12766
12774
12816
12824
12832
12839
12842
12844
12846
12855
12862
12864
12917
12927
12930
12949
12982
12989
12994
13
130
13000
13010
13011
13026
13045
13056
13059
13072
13109
1348
1349
1353
1354
1355
13565
1360
1366
1368
1369
1370
1382
14
14214
14233
14250
14255
14256
14290
14307
14313
14315
14321
1435
14353
14361
14383
14388
14392
14395
14400
14421
14423
14425
14428
14431
14434
14437
14443
14446
14449
14451
14455
14461
14470
14476
14477
14478
14484
14527
14582
14670
14737
17
1709
1721
1734
17348
1735
1739
1755
1771
1772
1773
1774
1775
1776
1777
1778
17968
18
18135
18147
18157
18170
1861
1881
1895
1897
19
1903
19223
19271
1931
19326
19431
19432
19497
1951
19914
19960
19990
2
20079
20241
20300
20545
20703
20725
20823
20824
20825
20975
20979
20984
21033
21260
21266
21272
21279
21283
21291
21300
21305
21308
21320
21326
21328
21331
21336
21338
21351
21363
21385
21396
21399
21433
21497
21513
21520
21528
21543
21545
21579
21587
21595
21609
21613
21626
22
22321
22453
22483
22559
22572
2258
2259
22602
22631
22640
23
23472
23494
23529
23535
24
2478
24885
24946
25801
25803
2600
26643
26657
26674
26675
27
27053
27054
27059
27165
27591
2782
2784
28
281
28440
2876
2881
28814
29
29077
29180
29188
29189
292
293
294
295
296
29636
29666
297
298
299
3
30340
30385
307
31071
31224
31662
31831
32
32284
32353
32672
33
332
333
334
335
336
337
338
339
34
340
341
342
345
366
367
368
369
37
370
371
372
374
38
3815
3853
39
42
427
43
44
445
446
473
48
484
4850
487
49
50
5071
51
5149
52
53
54
55
56
5696
57
58
641
644
65
66
67
68
6902
7
7096
7342
735
7408
76
767
774
786
788
79
8
80
803
804
805
806
807
808
809
81
810
811
812
813
814
815
816
817
818
819
820
821
822
823
824
825
826
827
828
829
83
830
831
832
833
834
877
883
884
9
906
908
909
931
933
936
939
941
942
955
96
964
968
977
978
979
981
988
997
acpi
asound
buddyinfo
bus
cgroups
cmdline
consoles
cpuinfo
crypto
devices
diskstats
dma
driver
execdomains
fb
filesystems
fs
interrupts
iomem
ioports
irq
kallsyms
kcore
keys
key-users
kmsg
kpagecount
kpageflags
loadavg
locks
mdstat
meminfo
misc
modules
mounts
mtrr
net
pagetypeinfo
partitions
sched_debug
schedstat
scsi
self
slabinfo
softirqs
stat
swaps
sys
sysrq-trigger
sysvipc
timer_list
timer_stats
tty
uptime
version
vmallocinfo
vmnet
vmstat
zoneinfo
